coastline ways:  157
coastline nodes: 19800
area ways:       107
point features:  205
snapshot size:   504157 bytes

way ids (coastline):
  4247188
  4247190
  4252690
  4252695
  4252719
  4252730
  4590522
  32745580
  61557844
  62049926
  62049929
  62049940
  62049942
  62049956
  62049964
  62049965
  62049968
  62049983
  62049985
  62049996
  62050008
  62050018
  62050023
  68325726
  68325728
  68325730
  68326571
  68454183
  68454184
  68454187
  68460247
  105408732
  134867069
  235515025
  235515027
  236058175
  306433562
  306435841
  306435842
  306435843
  306435844
  306435845
  644512959
  699163102
  699221232
  699651572
  699814919
  700034489
  700038996
  700038997
  700043259
  700043260
  700267361
  739019922
  739019923
  779273631
  779283712
  780210733
  989904274
  989904299
  990835911
  997704387
  997704388
  997704389
  997704390
  1044151902
  1044151904
  1044151905
  1044153508
  1044153509
  1044153511
  1044412261
  1044412263
  1044412264
  1044412265
  1044412266
  1067767985
  1067767986
  1067768004
  1067768005
  1067768007
  1067768010
  1067768011
  1067768221
  1067768222
  1067768226
  1067768228
  1067768230
  1067769198
  1067769199
  1067769201
  1067769202
  1067769204
  1067769207
  1067769210
  1067769211
  1067769319
  1067769320
  1067850681
  1067850682
  1068064940
  1068064941
  1068064946
  1068064953
  1068064955
  1068064957
  1068064958
  1068064960
  1068064962
  1068065327
  1068065329
  1068065331
  1068065333
  1068066426
  1201581683
  1201581684
  1201582689
  1236622984
  1236622985
  1236622986
  1236622987
  1236622988
  1236637952
  1236637954
  1236637955
  1236637957
  1236637959
  1236637960
  1236637962
  1236637963
  1236637965
  1236637966
  1236637967
  1313678820
  1313678821
  1314598375
  1314598376
  1314598379
  1314598381
  1529960715
  1529960721
  1529960722
  1530225665
  1530225667
  1530236375
  1530236381
  1530236382
  1530254744
  1530254746
  1530271755
  1530271757
  1530291468
  1530291469
  1530291479
  1530291480
  1530291482
  1530292506